


square number 1
['1 =', (1, 2), (1, 3), (2, 2)]
['2 =', (1, 2), (1, 3), (3, 1)]
['3 =', (1, 2), (2, 1), (2, 2)]
['5 =', (1, 3), (2, 1), (3, 1)]
['6 =', (1, 2), (1, 3), (2, 2)]



square number 2
['1 =', (1, 5), (3, 5)]
['3 =', (1, 5), (1, 6)]
['5 =', (1, 5), (1, 6), (3, 5), (3, 6)]
['6 =', (1, 5), (1, 6), (3, 5), (3, 6)]



square number 3
['1 =', (1, 9), (2, 8), (2, 9), (3, 7), (3, 8)]
['2 =', (1, 9), (3, 7), (3, 8)]
['5 =', (1, 9), (2, 8), (2, 9), (3, 7), (3, 8)]
['6 =', (1, 9), (2, 8), (2, 9), (3, 8)]
['9 =', (3, 7), (3, 8)]



square number 4
['2 =', (5, 1), (5, 2), (6, 3)]
['3 =', (5, 1), (5, 2)]
['6 =', (4, 3), (5, 2)]
['9 =', (4, 3), (6, 3)]



square number 5
['1 =', (5, 4), (6, 4)]
['3 =', (4, 5), (5, 4), (6, 4)]
['6 =', (4, 5), (5, 4)]



square number 6
['1 =', (5, 7), (5, 8), (6, 8), (6, 9)]
['2 =', (5, 7), (5, 8), (6, 8), (6, 9)]
['3 =', (4, 7), (5, 7), (5, 8), (6, 8)]
['5 =', (5, 7), (5, 8)]
['9 =', (4, 7), (6, 8)]



square number 7
['1 =', (8, 2), (8, 3), (9, 3)]
['2 =', (7, 2), (8, 2), (8, 3)]
['5 =', (8, 3), (9, 3)]
['8 =', (7, 2), (8, 2)]



square number 8
['3 =', (8, 4), (8, 5), (9, 5), (9, 6)]
['5 =', (7, 5), (8, 5), (9, 5), (9, 6)]
['6 =', (8, 4), (8, 5), (9, 5), (9, 6)]
['7 =', (7, 5), (9, 5)]
['8 =', (7, 5), (8, 5)]



square number 9
['1 =', (8, 7), (8, 8), (9, 7), (9, 9)]
['2 =', (7, 7), (7, 8), (8, 7), (8, 8)]
['3 =', (8, 7), (8, 8), (9, 7)]
['5 =', (7, 7), (7, 8), (8, 7), (8, 8), (9, 7), (9, 9)]
['6 =', (8, 8), (9, 9)]
['7 =', (7, 7), (9, 7)]
