


Column number 1
['2 =', (3, 1), (5, 1)]
['3 =', (2, 1), (5, 1)]
['5 =', (2, 1), (3, 1)]



Column number 2
['1 =', (1, 2), (2, 2), (8, 2)]
['2 =', (1, 2), (5, 2), (7, 2), (8, 2)]
['3 =', (1, 2), (2, 2), (5, 2)]
['6 =', (1, 2), (2, 2), (5, 2)]
['8 =', (7, 2), (8, 2)]



Column number 3
['1 =', (1, 3), (8, 3), (9, 3)]
['2 =', (1, 3), (6, 3), (8, 3)]
['5 =', (1, 3), (8, 3), (9, 3)]
['6 =', (1, 3), (4, 3)]
['9 =', (4, 3), (6, 3)]



Column number 4
['1 =', (5, 4), (6, 4)]
['3 =', (5, 4), (6, 4), (8, 4)]
['6 =', (5, 4), (8, 4)]



Column number 5
['1 =', (1, 5), (3, 5)]
['3 =', (1, 5), (4, 5), (8, 5), (9, 5)]
['5 =', (1, 5), (3, 5), (7, 5), (8, 5), (9, 5)]
['6 =', (1, 5), (3, 5), (4, 5), (8, 5), (9, 5)]
['7 =', (7, 5), (9, 5)]
['8 =', (7, 5), (8, 5)]



Column number 6
['3 =', (1, 6), (9, 6)]
['5 =', (1, 6), (3, 6), (9, 6)]
['6 =', (1, 6), (3, 6), (9, 6)]



Column number 7
['1 =', (3, 7), (5, 7), (8, 7), (9, 7)]
['2 =', (3, 7), (5, 7), (7, 7), (8, 7)]
['3 =', (4, 7), (5, 7), (8, 7), (9, 7)]
['5 =', (3, 7), (5, 7), (7, 7), (8, 7), (9, 7)]
['7 =', (7, 7), (9, 7)]
['9 =', (3, 7), (4, 7)]



Column number 8
['1 =', (2, 8), (3, 8), (5, 8), (6, 8), (8, 8)]
['2 =', (3, 8), (5, 8), (6, 8), (7, 8), (8, 8)]
['3 =', (5, 8), (6, 8), (8, 8)]
['5 =', (2, 8), (3, 8), (5, 8), (7, 8), (8, 8)]
['6 =', (2, 8), (3, 8), (8, 8)]
['9 =', (3, 8), (6, 8)]



Column number 9
['1 =', (1, 9), (2, 9), (6, 9), (9, 9)]
['2 =', (1, 9), (6, 9)]
['5 =', (1, 9), (2, 9), (9, 9)]
['6 =', (1, 9), (2, 9), (9, 9)]
