


Line number 1
['1 =', (1, 2), (1, 3), (1, 5), (1, 9)]
['2 =', (1, 2), (1, 3), (1, 9)]
['3 =', (1, 2), (1, 5), (1, 6)]
['5 =', (1, 3), (1, 5), (1, 6), (1, 9)]
['6 =', (1, 2), (1, 3), (1, 5), (1, 6), (1, 9)]



Line number 2
['1 =', (2, 2), (2, 8), (2, 9)]
['3 =', (2, 1), (2, 2)]
['5 =', (2, 1), (2, 8), (2, 9)]
['6 =', (2, 2), (2, 8), (2, 9)]



Line number 3
['1 =', (3, 5), (3, 7), (3, 8)]
['2 =', (3, 1), (3, 7), (3, 8)]
['5 =', (3, 1), (3, 5), (3, 6), (3, 7), (3, 8)]
['6 =', (3, 5), (3, 6), (3, 8)]
['9 =', (3, 7), (3, 8)]



Line number 4
['3 =', (4, 5), (4, 7)]
['6 =', (4, 3), (4, 5)]
['9 =', (4, 3), (4, 7)]



Line number 5
['1 =', (5, 4), (5, 7), (5, 8)]
['2 =', (5, 1), (5, 2), (5, 7), (5, 8)]
['3 =', (5, 1), (5, 2), (5, 4), (5, 7), (5, 8)]
['5 =', (5, 7), (5, 8)]
['6 =', (5, 2), (5, 4)]



Line number 6
['1 =', (6, 4), (6, 8), (6, 9)]
['2 =', (6, 3), (6, 8), (6, 9)]
['3 =', (6, 4), (6, 8)]
['9 =', (6, 3), (6, 8)]



Line number 7
['2 =', (7, 2), (7, 7), (7, 8)]
['5 =', (7, 5), (7, 7), (7, 8)]
['7 =', (7, 5), (7, 7)]
['8 =', (7, 2), (7, 5)]



Line number 8
['1 =', (8, 2), (8, 3), (8, 7), (8, 8)]
['2 =', (8, 2), (8, 3), (8, 7), (8, 8)]
['3 =', (8, 4), (8, 5), (8, 7), (8, 8)]
['5 =', (8, 3), (8, 5), (8, 7), (8, 8)]
['6 =', (8, 4), (8, 5), (8, 8)]
['8 =', (8, 2), (8, 5)]



Line number 9
['1 =', (9, 3), (9, 7), (9, 9)]
['3 =', (9, 5), (9, 6), (9, 7)]
['5 =', (9, 3), (9, 5), (9, 6), (9, 7), (9, 9)]
['6 =', (9, 5), (9, 6), (9, 9)]
['7 =', (9, 5), (9, 7)]
